type,GLY,PRO,GLN,CYS,ALA,SER,VAL,THR,ILE,LEU,ASN,ASP,LYS,GLU,MET,HIS,PHE,ARG,TYR,TRP
GLY,0.672000,0.561000,0.498000,0.948000,0.693000,0.546000,1.014000,0.624000,1.134000,1.248000,0.522000,0.477000,0.345000,0.366000,1.017000,0.645000,1.239000,0.516000,0.903000,1.026000
PRO,0.561000,0.525000,0.519000,0.921000,0.609000,0.471000,0.996000,0.570000,1.128000,1.260000,0.459000,0.399000,0.291000,0.378000,1.035000,0.675000,1.275000,0.510000,0.957000,1.119000
GLN,0.498000,0.519000,0.462000,0.855000,0.567000,0.447000,0.921000,0.570000,1.101000,1.212000,0.513000,0.438000,0.387000,0.426000,0.990000,0.594000,1.230000,0.540000,0.891000,0.933000
CYS,0.948000,0.921000,0.855000,1.632000,1.071000,0.858000,1.488000,0.933000,1.650000,1.749000,0.777000,0.723000,0.585000,0.681000,1.497000,1.080000,1.740000,0.771000,1.248000,1.485000
ALA,0.693000,0.609000,0.567000,1.071000,0.816000,0.603000,1.212000,0.696000,1.374000,1.473000,0.552000,0.510000,0.393000,0.453000,1.182000,0.723000,1.443000,0.549000,1.008000,1.146000
SER,0.546000,0.471000,0.447000,0.858000,0.603000,0.501000,0.915000,0.588000,1.056000,1.176000,0.474000,0.489000,0.315000,0.444000,0.909000,0.633000,1.206000,0.486000,0.834000,0.897000
VAL,1.014000,0.996000,0.921000,1.488000,1.212000,0.915000,1.656000,1.038000,1.815000,1.944000,0.849000,0.744000,0.747000,0.801000,1.596000,1.074000,1.887000,0.921000,1.386000,1.554000
THR,0.624000,0.570000,0.570000,0.933000,0.696000,0.588000,1.038000,0.636000,1.209000,1.302000,0.564000,0.540000,0.393000,0.522000,1.053000,0.726000,1.284000,0.570000,0.903000,0.966000
ILE,1.134000,1.128000,1.101000,1.650000,1.374000,1.056000,1.815000,1.209000,1.962000,2.112000,0.972000,0.951000,0.903000,0.981000,1.806000,1.242000,2.052000,1.089000,1.575000,1.734000
LEU,1.248000,1.260000,1.212000,1.749000,1.473000,1.176000,1.944000,1.302000,2.112000,2.211000,1.122000,1.020000,1.011000,1.077000,1.923000,1.362000,2.184000,1.209000,1.701000,1.842000
ASN,0.522000,0.459000,0.513000,0.777000,0.552000,0.474000,0.849000,0.564000,0.972000,1.122000,0.504000,0.504000,0.363000,0.453000,0.885000,0.624000,1.125000,0.492000,0.828000,0.921000
ASP,0.477000,0.399000,0.438000,0.723000,0.510000,0.489000,0.744000,0.540000,0.951000,1.020000,0.504000,0.363000,0.504000,0.306000,0.771000,0.696000,1.044000,0.687000,0.828000,0.852000
LYS,0.345000,0.291000,0.387000,0.585000,0.393000,0.315000,0.747000,0.393000,0.903000,1.011000,0.363000,0.504000,0.036000,0.540000,0.744000,0.405000,1.008000,0.177000,0.780000,0.807000
GLU,0.366000,0.378000,0.426000,0.681000,0.453000,0.444000,0.801000,0.522000,0.981000,1.077000,0.453000,0.306000,0.540000,0.273000,0.867000,0.645000,1.068000,0.681000,0.837000,0.897000
MET,1.017000,1.035000,0.990000,1.497000,1.182000,0.909000,1.596000,1.053000,1.806000,1.923000,0.885000,0.771000,0.744000,0.867000,1.638000,1.194000,1.968000,0.936000,1.473000,1.665000
HIS,0.645000,0.675000,0.594000,1.080000,0.723000,0.633000,1.074000,0.726000,1.242000,1.362000,0.624000,0.696000,0.405000,0.645000,1.194000,0.915000,1.431000,0.648000,1.056000,1.194000
PHE,1.239000,1.275000,1.230000,1.740000,1.443000,1.206000,1.887000,1.284000,2.052000,2.184000,1.125000,1.044000,1.008000,1.068000,1.968000,1.431000,2.178000,1.194000,1.698000,1.848000
ARG,0.516000,0.510000,0.540000,0.771000,0.549000,0.486000,0.921000,0.570000,1.089000,1.209000,0.492000,0.687000,0.177000,0.681000,0.936000,0.648000,1.194000,0.465000,0.948000,1.023000
TYR,0.903000,0.957000,0.891000,1.248000,1.008000,0.834000,1.386000,0.903000,1.575000,1.701000,0.828000,0.828000,0.780000,0.837000,1.473000,1.056000,1.698000,0.948000,1.251000,1.398000
TRP,1.026000,1.119000,0.933000,1.485000,1.146000,0.897000,1.554000,0.966000,1.734000,1.842000,0.921000,0.852000,0.807000,0.897000,1.665000,1.194000,1.848000,1.023000,1.398000,1.518000