type,GLY,PRO,GLN,CYS,ALA,SER,VAL,THR,ILE,LEU,ASN,ASP,LYS,GLU,MET,HIS,PHE,ARG,TYR,TRP
GLY,0.000000,0.000000,0.000000,0.000000,0.000000,0.000000,0.000000,0.000000,0.000000,0.000000,0.000000,0.000000,0.000000,0.000000,0.000000,0.000000,0.000000,0.000000,0.000000,0.000000
PRO,0.000000,7.415160,7.906120,7.526330,6.845090,7.044050,7.476550,7.317670,7.875390,8.010340,7.551520,7.235150,7.805720,7.532810,8.285350,7.909230,8.354950,8.696700,8.600350,8.730090
GLN,0.000000,7.906120,8.633900,7.722320,7.390720,7.638110,7.812100,7.768030,8.244920,8.437260,8.188510,8.154410,8.685540,8.406260,8.838750,8.643660,8.953510,9.259890,9.270350,9.580920
CYS,0.000000,7.526330,7.722320,7.557330,6.968940,6.970790,7.558180,7.401700,7.947190,8.074060,7.492170,7.175920,7.831170,7.448780,8.291320,8.167900,8.496790,8.241420,8.255760,8.945580
ALA,0.000000,6.845090,7.390720,6.968940,6.415960,6.529790,7.061640,6.940890,7.451500,7.645710,7.024810,6.730040,7.256360,7.035130,7.906350,7.498070,8.167000,7.992540,8.015580,8.648900
SER,0.000000,7.044050,7.638110,6.970790,6.529790,6.645070,7.166280,6.969180,7.520210,7.684980,7.180180,6.993050,7.734880,7.406810,7.941130,7.877480,8.243450,8.274470,8.358460,8.753000
VAL,0.000000,7.476550,7.812100,7.558180,7.061640,7.166280,7.646020,7.540350,8.062460,8.292020,7.537050,7.222670,7.687420,7.495670,8.480890,7.916660,8.687310,8.314880,8.387770,9.221710
THR,0.000000,7.317670,7.768030,7.401700,6.940890,6.969180,7.540350,7.300310,7.928810,8.123740,7.457430,7.193390,7.794240,7.508720,8.330460,7.978560,8.583960,8.496440,8.578300,9.139560
ILE,0.000000,7.875390,8.244920,7.947190,7.451500,7.520210,8.062460,7.928810,8.526300,8.771930,7.955090,7.652580,8.158910,7.972750,8.947200,8.366910,9.111180,8.755170,8.775210,9.572590
LEU,0.000000,8.010340,8.437260,8.074060,7.645710,7.684980,8.292020,8.123740,8.771930,8.932370,8.139660,7.858390,8.392610,8.198230,9.143970,8.566780,9.335070,8.983630,9.016610,9.785080
ASN,0.000000,7.551520,8.188510,7.492170,7.024810,7.180180,7.537050,7.457430,7.955090,8.139660,7.744780,7.497380,8.114610,7.997310,8.489180,8.364040,8.648590,8.870540,8.961060,9.108470
ASP,0.000000,7.235150,8.154410,7.175920,6.730040,6.993050,7.222670,7.193390,7.652580,7.858390,7.497380,7.395800,8.585820,7.814570,8.148840,8.499480,8.513400,9.124390,9.346040,9.103070
LYS,0.000000,7.805720,8.685540,7.831170,7.256360,7.734880,7.687420,7.794240,8.158910,8.392610,8.114610,8.585820,8.931920,8.904610,8.797870,8.578140,8.793410,9.492150,9.037340,9.209680
GLU,0.000000,7.532810,8.406260,7.448780,7.035130,7.406810,7.495670,7.508720,7.972750,8.198230,7.997310,7.814570,8.904610,8.375240,8.610450,8.844300,8.745170,9.518250,9.477610,9.479190
MET,0.000000,8.285350,8.838750,8.291320,7.906350,7.941130,8.480890,8.330460,8.947200,9.143970,8.489180,8.148840,8.797870,8.610450,9.290130,8.926700,9.554930,9.272520,9.281020,10.021900
HIS,0.000000,7.909230,8.643660,8.167900,7.498070,7.877480,7.916660,7.978560,8.366910,8.566780,8.364040,8.499480,8.578140,8.844300,8.926700,8.826740,8.975020,9.229300,9.383430,9.657460
PHE,0.000000,8.354950,8.953510,8.496790,8.167000,8.243450,8.687310,8.583960,9.111180,9.335070,8.648590,8.513400,8.793410,8.745170,9.554930,8.975020,9.730680,9.257800,9.561810,10.168000
ARG,0.000000,8.696700,9.259890,8.241420,7.992540,8.274470,8.314880,8.496440,8.755170,8.983630,8.870540,9.124390,9.492150,9.518250,9.272520,9.229300,9.257800,10.022200,9.509220,9.821990
TYR,0.000000,8.600350,9.270350,8.255760,8.015580,8.358460,8.387770,8.578300,8.775210,9.016610,8.961060,9.346040,9.037340,9.477610,9.281020,9.383430,9.561810,9.509220,9.340990,10.082900
TRP,0.000000,8.730090,9.580920,8.945580,8.648900,8.753000,9.221710,9.139560,9.572590,9.785080,9.108470,9.103070,9.209680,9.479190,10.021900,9.657460,10.168000,9.821990,10.082900,10.845600