type,GLY,PRO,GLN,CYS,ALA,SER,VAL,THR,ILE,LEU,ASN,ASP,LYS,GLU,MET,HIS,PHE,ARG,TYR,TRP
GLY,0.111000,0.156000,0.204000,0.123000,0.117000,0.111000,0.186000,0.105000,0.180000,0.174000,0.174000,0.000000,0.168000,0.000000,0.222000,0.150000,0.171000,0.144000,0.240000,0.204000
PRO,0.156000,0.159000,0.255000,0.141000,0.129000,0.117000,0.192000,0.117000,0.195000,0.141000,0.228000,0.000000,0.201000,0.000000,0.207000,0.198000,0.237000,0.111000,0.315000,0.357000
GLN,0.204000,0.255000,0.372000,0.258000,0.204000,0.189000,0.291000,0.213000,0.327000,0.300000,0.339000,0.000000,0.330000,0.024000,0.327000,0.324000,0.450000,0.288000,0.444000,0.549000
CYS,0.123000,0.141000,0.258000,0.156000,0.132000,0.132000,0.192000,0.135000,0.156000,0.111000,0.234000,0.000000,0.198000,0.000000,0.177000,0.189000,0.210000,0.138000,0.306000,0.306000
ALA,0.117000,0.129000,0.204000,0.132000,0.159000,0.114000,0.180000,0.117000,0.195000,0.120000,0.213000,0.000000,0.195000,0.000000,0.186000,0.153000,0.195000,0.117000,0.198000,0.249000
SER,0.111000,0.117000,0.189000,0.132000,0.114000,0.066000,0.129000,0.069000,0.135000,0.126000,0.141000,0.000000,0.162000,0.000000,0.189000,0.138000,0.153000,0.108000,0.198000,0.195000
VAL,0.186000,0.192000,0.291000,0.192000,0.180000,0.129000,0.225000,0.147000,0.219000,0.165000,0.291000,0.000000,0.231000,0.000000,0.261000,0.195000,0.303000,0.150000,0.342000,0.357000
THR,0.105000,0.117000,0.213000,0.135000,0.117000,0.069000,0.147000,0.072000,0.147000,0.126000,0.195000,0.000000,0.177000,0.000000,0.180000,0.135000,0.201000,0.120000,0.267000,0.279000
ILE,0.180000,0.195000,0.327000,0.156000,0.195000,0.135000,0.219000,0.147000,0.258000,0.171000,0.306000,0.000000,0.240000,0.000000,0.273000,0.216000,0.306000,0.087000,0.372000,0.390000
LEU,0.174000,0.141000,0.300000,0.111000,0.120000,0.126000,0.165000,0.126000,0.171000,0.000000,0.297000,0.270000,0.159000,0.294000,0.165000,0.231000,0.213000,0.000000,0.312000,0.324000
ASN,0.174000,0.228000,0.339000,0.234000,0.213000,0.141000,0.291000,0.195000,0.306000,0.297000,0.324000,0.000000,0.306000,0.042000,0.327000,0.264000,0.402000,0.303000,0.417000,0.480000
ASP,0.000000,0.000000,0.000000,0.000000,0.000000,0.000000,0.000000,0.000000,0.000000,0.270000,0.000000,0.000000,0.000000,0.000000,0.000000,0.000000,0.000000,0.342000,0.030000,0.003000
LYS,0.168000,0.201000,0.330000,0.198000,0.195000,0.162000,0.231000,0.177000,0.240000,0.159000,0.306000,0.000000,0.267000,0.000000,0.255000,0.222000,0.327000,0.114000,0.420000,0.405000
GLU,0.000000,0.000000,0.024000,0.000000,0.000000,0.000000,0.000000,0.000000,0.000000,0.294000,0.042000,0.000000,0.000000,0.000000,0.000000,0.000000,0.000000,0.327000,0.081000,0.063000
MET,0.222000,0.207000,0.327000,0.177000,0.186000,0.189000,0.261000,0.180000,0.273000,0.165000,0.327000,0.000000,0.255000,0.000000,0.270000,0.228000,0.339000,0.153000,0.423000,0.444000
HIS,0.150000,0.198000,0.324000,0.189000,0.153000,0.138000,0.195000,0.135000,0.216000,0.231000,0.264000,0.000000,0.222000,0.000000,0.228000,0.225000,0.366000,0.174000,0.387000,0.441000
PHE,0.171000,0.237000,0.450000,0.210000,0.195000,0.153000,0.303000,0.201000,0.306000,0.213000,0.402000,0.000000,0.327000,0.000000,0.339000,0.366000,0.396000,0.315000,0.483000,0.531000
ARG,0.144000,0.111000,0.288000,0.138000,0.117000,0.108000,0.150000,0.120000,0.087000,0.000000,0.303000,0.342000,0.114000,0.327000,0.153000,0.174000,0.315000,0.000000,0.339000,0.510000
TYR,0.240000,0.315000,0.444000,0.306000,0.198000,0.198000,0.342000,0.267000,0.372000,0.312000,0.417000,0.030000,0.420000,0.081000,0.423000,0.387000,0.483000,0.339000,0.570000,0.600000
TRP,0.204000,0.357000,0.549000,0.306000,0.249000,0.195000,0.357000,0.279000,0.390000,0.324000,0.480000,0.003000,0.405000,0.063000,0.444000,0.441000,0.531000,0.510000,0.600000,0.684000