type,GLY,PRO,GLN,CYS,ALA,SER,VAL,THR,ILE,LEU,ASN,ASP,LYS,GLU,MET,HIS,PHE,ARG,TYR,TRP
GLY,0,0,0,0,0,0,0,0,0,0,0,0,0,0,0,0,0,0,0,0
PRO,0,7.41516,7.90612,7.52633,6.84509,7.04405,7.47655,7.31767,7.87539,8.01034,7.55152,7.23515,7.80572,7.53281,8.28535,7.90923,8.35495,8.6967,8.60035,8.73009
GLN,0,7.90612,8.6339,7.72232,7.39072,7.63811,7.8121,7.76803,8.24492,8.43726,8.18851,8.15441,8.68554,8.40626,8.83875,8.64366,8.95351,9.25989,9.27035,9.58092
CYS,0,7.52633,7.72232,7.55733,6.96894,6.97079,7.55818,7.4017,7.94719,8.07406,7.49217,7.17592,7.83117,7.44878,8.29132,8.1679,8.49679,8.24142,8.25576,8.94558
ALA,0,6.84509,7.39072,6.96894,6.41596,6.52979,7.06164,6.94089,7.4515,7.64571,7.02481,6.73004,7.25636,7.03513,7.90635,7.49807,8.167,7.99254,8.01558,8.6489
SER,0,7.04405,7.63811,6.97079,6.52979,6.64507,7.16628,6.96918,7.52021,7.68498,7.18018,6.99305,7.73488,7.40681,7.94113,7.87748,8.24345,8.27447,8.35846,8.753
VAL,0,7.47655,7.8121,7.55818,7.06164,7.16628,7.64602,7.54035,8.06246,8.29202,7.53705,7.22267,7.68742,7.49567,8.48089,7.91666,8.68731,8.31488,8.38777,9.22171
THR,0,7.31767,7.76803,7.4017,6.94089,6.96918,7.54035,7.30031,7.92881,8.12374,7.45743,7.19339,7.79424,7.50872,8.33046,7.97856,8.58396,8.49644,8.5783,9.13956
ILE,0,7.87539,8.24492,7.94719,7.4515,7.52021,8.06246,7.92881,8.5263,8.77193,7.95509,7.65258,8.15891,7.97275,8.9472,8.36691,9.11118,8.75517,8.77521,9.57259
LEU,0,8.01034,8.43726,8.07406,7.64571,7.68498,8.29202,8.12374,8.77193,8.93237,8.13966,7.85839,8.39261,8.19823,9.14397,8.56678,9.33507,8.98363,9.01661,9.78508
ASN,0,7.55152,8.18851,7.49217,7.02481,7.18018,7.53705,7.45743,7.95509,8.13966,7.74478,7.49738,8.11461,7.99731,8.48918,8.36404,8.64859,8.87054,8.96106,9.10847
ASP,0,7.23515,8.15441,7.17592,6.73004,6.99305,7.22267,7.19339,7.65258,7.85839,7.49738,7.3958,8.58582,7.81457,8.14884,8.49948,8.5134,9.12439,9.34604,9.10307
LYS,0,7.80572,8.68554,7.83117,7.25636,7.73488,7.68742,7.79424,8.15891,8.39261,8.11461,8.58582,8.93192,8.90461,8.79787,8.57814,8.79341,9.49215,9.03734,9.20968
GLU,0,7.53281,8.40626,7.44878,7.03513,7.40681,7.49567,7.50872,7.97275,8.19823,7.99731,7.81457,8.90461,8.37524,8.61045,8.8443,8.74517,9.51825,9.47761,9.47919
MET,0,8.28535,8.83875,8.29132,7.90635,7.94113,8.48089,8.33046,8.9472,9.14397,8.48918,8.14884,8.79787,8.61045,9.29013,8.9267,9.55493,9.27252,9.28102,10.0219
HIS,0,7.90923,8.64366,8.1679,7.49807,7.87748,7.91666,7.97856,8.36691,8.56678,8.36404,8.49948,8.57814,8.8443,8.9267,8.82674,8.97502,9.2293,9.38343,9.65746
PHE,0,8.35495,8.95351,8.49679,8.167,8.24345,8.68731,8.58396,9.11118,9.33507,8.64859,8.5134,8.79341,8.74517,9.55493,8.97502,9.73068,9.2578,9.56181,10.168
ARG,0,8.6967,9.25989,8.24142,7.99254,8.27447,8.31488,8.49644,8.75517,8.98363,8.87054,9.12439,9.49215,9.51825,9.27252,9.2293,9.2578,10.0222,9.50922,9.82199
TYR,0,8.60035,9.27035,8.25576,8.01558,8.35846,8.38777,8.5783,8.77521,9.01661,8.96106,9.34604,9.03734,9.47761,9.28102,9.38343,9.56181,9.50922,9.34099,10.0829
TRP,0,8.73009,9.58092,8.94558,8.6489,8.753,9.22171,9.13956,9.57259,9.78508,9.10847,9.10307,9.20968,9.47919,10.0219,9.65746,10.168,9.82199,10.0829,10.8456