type,GLY,PRO,GLN,CYS,ALA,SER,VAL,THR,ILE,LEU,ASN,ASP,LYS,GLU,MET,HIS,PHE,ARG,TYR,TRP
GLY,0.00555,0.0078,0.0102,0.00615,0.00585,0.00555,0.0093,0.00525,0.009,0.0087,0.0087,0,0.0084,0,0.0111,0.0075,0.00855,0.0072,0.012,0.0102
PRO,0.0078,0.00795,0.01275,0.00705,0.00645,0.00585,0.0096,0.00585,0.00975,0.00705,0.0114,0,0.01005,0,0.01035,0.0099,0.01185,0.00555,0.01575,0.01785
GLN,0.0102,0.01275,0.0186,0.0129,0.0102,0.00945,0.01455,0.01065,0.01635,0.015,0.01695,0,0.0165,0.0012,0.01635,0.0162,0.0225,0.0144,0.0222,0.02745
CYS,0.00615,0.00705,0.0129,0.0078,0.0066,0.0066,0.0096,0.00675,0.0078,0.00555,0.0117,0,0.0099,0,0.00885,0.00945,0.0105,0.0069,0.0153,0.0153
ALA,0.00585,0.00645,0.0102,0.0066,0.00795,0.0057,0.009,0.00585,0.00975,0.006,0.01065,0,0.00975,0,0.0093,0.00765,0.00975,0.00585,0.0099,0.01245
SER,0.00555,0.00585,0.00945,0.0066,0.0057,0.0033,0.00645,0.00345,0.00675,0.0063,0.00705,0,0.0081,0,0.00945,0.0069,0.00765,0.0054,0.0099,0.00975
VAL,0.0093,0.0096,0.01455,0.0096,0.009,0.00645,0.01125,0.00735,0.01095,0.00825,0.01455,0,0.01155,0,0.01305,0.00975,0.01515,0.0075,0.0171,0.01785
THR,0.00525,0.00585,0.01065,0.00675,0.00585,0.00345,0.00735,0.0036,0.00735,0.0063,0.00975,0,0.00885,0,0.009,0.00675,0.01005,0.006,0.01335,0.01395
ILE,0.009,0.00975,0.01635,0.0078,0.00975,0.00675,0.01095,0.00735,0.0129,0.00855,0.0153,0,0.012,0,0.01365,0.0108,0.0153,0.00435,0.0186,0.0195
LEU,0.0087,0.00705,0.015,0.00555,0.006,0.0063,0.00825,0.0063,0.00855,0,0.01485,0.0135,0.00795,0.0147,0.00825,0.01155,0.01065,0,0.0156,0.0162
ASN,0.0087,0.0114,0.01695,0.0117,0.01065,0.00705,0.01455,0.00975,0.0153,0.01485,0.0162,0,0.0153,0.0021,0.01635,0.0132,0.0201,0.01515,0.02085,0.024
ASP,0,0,0,0,0,0,0,0,0,0.0135,0,0,0,0,0,0,0,0.0171,0.0015,0.00015
LYS,0.0084,0.01005,0.0165,0.0099,0.00975,0.0081,0.01155,0.00885,0.012,0.00795,0.0153,0,0.01335,0,0.01275,0.0111,0.01635,0.0057,0.021,0.02025
GLU,0,0,0.0012,0,0,0,0,0,0,0.0147,0.0021,0,0,0,0,0,0,0.01635,0.00405,0.00315
MET,0.0111,0.01035,0.01635,0.00885,0.0093,0.00945,0.01305,0.009,0.01365,0.00825,0.01635,0,0.01275,0,0.0135,0.0114,0.01695,0.00765,0.02115,0.0222
HIS,0.0075,0.0099,0.0162,0.00945,0.00765,0.0069,0.00975,0.00675,0.0108,0.01155,0.0132,0,0.0111,0,0.0114,0.01125,0.0183,0.0087,0.01935,0.02205
PHE,0.00855,0.01185,0.0225,0.0105,0.00975,0.00765,0.01515,0.01005,0.0153,0.01065,0.0201,0,0.01635,0,0.01695,0.0183,0.0198,0.01575,0.02415,0.02655
ARG,0.0072,0.00555,0.0144,0.0069,0.00585,0.0054,0.0075,0.006,0.00435,0,0.01515,0.0171,0.0057,0.01635,0.00765,0.0087,0.01575,0,0.01695,0.0255
TYR,0.012,0.01575,0.0222,0.0153,0.0099,0.0099,0.0171,0.01335,0.0186,0.0156,0.02085,0.0015,0.021,0.00405,0.02115,0.01935,0.02415,0.01695,0.0285,0.03
TRP,0.0102,0.01785,0.02745,0.0153,0.01245,0.00975,0.01785,0.01395,0.0195,0.0162,0.024,0.00015,0.02025,0.00315,0.0222,0.02205,0.02655,0.0255,0.03,0.0342